stock_volume
13371180.0
17900710.0
9638885.0
7982272.0
11699690.0
21714210.0
33597290.0
7337760.0
7835863.0
4472287.0
4834384.0
5038497.0
7332477.0
8264353.0
16494280.0
6866208.0
6757652.0
6333281.0
10002150.0
9161061.0
14232250.0
22442310.0
7472756.0
7707342.0
8304571.0
5367048.0
7210625.0
7410538.0
7639453.0
13062650.0
3592734.0
5138685.0
5935853.0
13147770.0
17380430.0
18895880.0
6045392.0
9073033.0
6948511.0
10444920.0
11530510.0
16951800.0
24535420.0
30596400.0
8536766.0
13646640.0
23159160.0
8768099.0
5055094.0
6799581.0
5694690.0
4619567.0
7031382.0
9586186.0
10974820.0
5159831.0
5907116.0
5610085.0
6987782.0
7800454.0
5866776.0
5711851.0
4878595.0
9437557.0
7579541.0
8860198.0
17457570.0
12282640.0
18732710.0
6475903.0
8388172.0
8313817.0
7434749.0
6925089.0
10253770.0
7949846.0
8370268.0
12734840.0
12025450.0
10827560.0
10961150.0
9401467.0
22256430.0
13166050.0
8192175.0
14336110.0
18742400.0
5877873.0
4793787.0
5417984.0
5912825.0
7473590.0
5657153.0
3872621.0
4170789.0
5972237.0
8938501.0
9167844.0
7243699.0
4418258.0
5669644.0
9509753.0
7265501.0
4665321.0
5642771.0
5712255.0
5927447.0
8673090.0
8565506.0
17339090.0
8346176.0
4614946.0
4224068.0
4346854.0
4348108.0
4000421.0
5678242.0
4880743.0
5622630.0
6083800.0
6531563.0
6931152.0
6289497.0
7319225.0
7595525.0
7470204.0
11017010.0
10241410.0
13516530.0
19025860.0
19880180.0
18829650.0
16093290.0
15014440.0
20962280.0
13787060.0
8364937.0
6639960.0
4924928.0
5954247.0
4761031.0
7467890.0
6113365.0
6554568.0
7952152.0
5960636.0
8252919.0
5502779.0
3514367.0
5001940.0
4236483.0
3820702.0
5088789.0
6872552.0
6066044.0
4785022.0
4334500.0
5814177.0
6961880.0
3207250.0
4005962.0
5640184.0
5909823.0
3948077.0
4554631.0
6224479.0
12924430.0
10296420.0
6729682.0
5080032.0
4441166.0
3696157.0
4187440.0
6199373.0
4710684.0
4738208.0
4535457.0
6725208.0
5277386.0
5447622.0
6199777.0
4871181.0
5679629.0
7092554.0
6429234.0
4822509.0
6640863.0
4303053.0
7134525.0
9832610.0
4588728.0
9944593.0
4438520.0
4345615.0
3769504.0
4306746.0
4705084.0
4368699.0
4207602.0
4369994.0
5907378.0
6820868.0
5466546.0
6921246.0
5792024.0
6217701.0
8715570.0
7926090.0
3466088.0
4779590.0
7184477.0
4643708.0
5834227.0
4286082.0
4345434.0
8757463.0
4941703.0
4537779.0
3244065.0
4913283.0
7256381.0
8241821.0
13720830.0
5794409.0
5951835.0
5661904.0
7565242.0
4621080.0
5440173.0
4725355.0
5284844.0
6480689.0
8885933.0
19771280.0
8242487.0
5650062.0
4247619.0
6968365.0
5010087.0
8583619.0
4485692.0
5739598.0
4925657.0
5055715.0
4936024.0
3290290.0
5373090.0
3538807.0
4073552.0
4494733.0
6972263.0
7461461.0
4272866.0
4167913.0
8147995.0
10122550.0
5227547.0
5099051.0
5309779.0
6027375.0
7149649.0
7587158.0
8142895.0
4610872.0
4909958.0
6435208.0
7177773.0
5407227.0
7170263.0
4171185.0
5966204.0
7651000.0
3261333.0
4235045.0
4082001.0
3836402.0
3048550.0
4063330.0
3404165.0
4069303.0
3746240.0
3475186.0
4571574.0
4941947.0
4314268.0
6489850.0
5390805.0
5010825.0
3406173.0
3084601.0
4507969.0
4357562.0
7063054.0
6881182.0
7431838.0
6309331.0
9233295.0
13524270.0
11942350.0
8284997.0
8525454.0
4869891.0
8285879.0
4809514.0
6977932.0
8598292.0
4871708.0
5142516.0
6345884.0
6360710.0
9827506.0
5607924.0
8582315.0
10317240.0
11526760.0
13760290.0
14129950.0
19258040.0
16998300.0
6305401.0
5823046.0
8202463.0
6290323.0
6977494.0
6596854.0
6425180.0
7510406.0
4916770.0
7419110.0
6433434.0
6347450.0
10412650.0
12778480.0
11773370.0
10507860.0
17250060.0
9028677.0
9348692.0
11031920.0
6769174.0
5583952.0
7601764.0
9937556.0
7771536.0
7793009.0
5000432.0
5035192.0
4314267.0
4324305.0
4654580.0
5609153.0
6695657.0
4141066.0
7606854.0
4118613.0
4747172.0
5734524.0
9663374.0
7002907.0
8117449.0
14135990.0
6879259.0
5316551.0
8819888.0
4496659.0
3462663.0
4683131.0
6734162.0
5077771.0
4501958.0
6145961.0
3891145.0
3034225.0
4128067.0
9275682.0
6043648.0
5718053.0
7653623.0
4566632.0
5517731.0
7858565.0
10108230.0
13864850.0
3293698.0
4141437.0
3672526.0
7978665.0
6221361.0
5637668.0
3309844.0
4056735.0
6901555.0
3601616.0
6491018.0
7127180.0
5233365.0
7581719.0
3011280.0
3062785.0
3876494.0
3726746.0
3452587.0
3353601.0
2925481.0
3345751.0
4804963.0
6073890.0
11450160.0
8166869.0
14877090.0
8537811.0
5647575.0
6251469.0
7063860.0
4943879.0
7341450.0
7023072.0
3618336.0
7812600.0
3912428.0
4244063.0
3557600.0
2185230.0
2498799.0
3953105.0
4112013.0
3798638.0
3161774.0
3143717.0
5145301.0
4958144.0
6262097.0
4199720.0
7717244.0
3767272.0
4614731.0
6085610.0
3787547.0
3649910.0
3658981.0
3972716.0
5524153.0
5908927.0
11204560.0
5901494.0
4641288.0
4043086.0
3778544.0
5913335.0
4668263.0
3108427.0
5206143.0
4684269.0
3486937.0
3795444.0
3218653.0
4147314.0
6819322.0
2436428.0
2720937.0
3193684.0
5457071.0
3389365.0
4069480.0
4040201.0
5119105.0
3544891.0
4435312.0
4521082.0
2366098.0
4890285.0
5601238.0
4355872.0
5206473.0
4880969.0
3432668.0
3899743.0
6547913.0
3987091.0
6746290.0
8166447.0
3252927.0
3857682.0
5143915.0
2644550.0
4242250.0
7023674.0
4691320.0
4273456.0
13070990.0
5346893.0
2442118.0
2747344.0
2936908.0
5069410.0
6966185.0
5676046.0
4518331.0
4265471.0
2495140.0
1969099.0
2326754.0
3311340.0
3489480.0
4697937.0
1872456.0
3537953.0
5989342.0
2581730.0
2714040.0
2079324.0
3367907.0
2393373.0
2904125.0
2381600.0
2631285.0
2408556.0
2298318.0
3104266.0
3082942.0
2256143.0
3583140.0
3714049.0
3753734.0
3372293.0
3637918.0
4386193.0
5970154.0
7932444.0
3274854.0
3164222.0
3261381.0
2238087.0
1760212.0
2566947.0
4747745.0
2061692.0
1658616.0
1699300.0
1786408.0
2251115.0
2017964.0
1811850.0
1876959.0
2336496.0
2199766.0
2259465.0
3190342.0
4142155.0
3808747.0
3928706.0
4014048.0
3061574.0
2415462.0
2887028.0
3427251.0
4479483.0
2570462.0
4425756.0
2556119.0
3047535.0
3394588.0
2230821.0
2657899.0
3540699.0
4573875.0
5369066.0
4067131.0
3603385.0
4910285.0
5169832.0
5396030.0
4794440.0
5987120.0
6158996.0
7211823.0
6988949.0
10098190.0
23706100.0
2855619.0
3549768.0
3107734.0
2438692.0
2905002.0
3575822.0
4187833.0
5994548.0
4454222.0
5965110.0
6194154.0
2242634.0
2226110.0
2017279.0
2982270.0
2786682.0
3645792.0
4066512.0
3131279.0
3009327.0
5096751.0
8996546.0
6817922.0
5552692.0
2842028.0
2945754.0
2820616.0
3650075.0
5159640.0
4068053.0
4772992.0
5683675.0
11248340.0
8550004.0
4296325.0
3838958.0
5405164.0
2515595.0
3198105.0
3217779.0
3665088.0
3783126.0
2777079.0
5192343.0
6351360.0
4263246.0
3748593.0
4129258.0
4921554.0
5755351.0
9156404.0
7352707.0
8845567.0
11695760.0
9931470.0
13381160.0
15979910.0
7975638.0
4025670.0
4006037.0
3878599.0
4956604.0
4936203.0
4303052.0
5289014.0
4704761.0
3769083.0
3511873.0
3133230.0
4062304.0
3339148.0
5191602.0
3207597.0
4175498.0
5331097.0
6479858.0
4822993.0
4858631.0
6695704.0
4495402.0
6054061.0
5727008.0
5385369.0
5982993.0
5055340.0
2955832.0
3883107.0
5820264.0
5561638.0
7233264.0
14236900.0
10104690.0
8639661.0
9306754.0
9434495.0
4379442.0
7927640.0
5764817.0
5295685.0
2848929.0
4586328.0
3577353.0
4956918.0
2695408.0
3122066.0
3164424.0
5826110.0
4031271.0
5325773.0
6490579.0
4120993.0
3079051.0
4090843.0
3572360.0
3550704.0
3774353.0
3185525.0
6823510.0
2713817.0
3694448.0
2402438.0
1900171.0
710277.0
1551031.0
1958836.0
1951581.0
3008057.0
3294460.0
5100443.0
2241686.0
2827797.0
3259114.0
2070088.0
3057036.0
2682259.0
3140864.0
2572014.0
2937233.0
2980644.0
3728562.0
2591205.0
1949353.0
3986945.0
2478389.0
2525196.0
4394199.0
2499593.0
2810200.0
2148326.0
2920362.0
3423139.0
2913511.0
3337501.0
4612408.0
3846179.0
2444264.0
4494944.0
12713530.0
8065091.0
3924514.0
4432433.0
1794743.0
2726880.0
3512832.0
3388227.0
4226411.0
2818801.0
4177956.0
14877020.0
2506836.0
4327574.0
2835920.0
3094436.0
5168162.0
3816171.0
6153754.0
6125994.0
6804433.0
5234679.0
3684490.0
4407615.0
4568261.0
4925751.0
3695972.0
4893113.0
3771395.0
3442668.0
2597170.0
3660643.0
6114615.0
3760644.0
3575221.0
4405706.0
2931607.0
2885610.0
2346802.0
2706874.0
3384981.0
3129871.0
3687456.0
4184808.0
4590857.0
5443901.0
4688373.0
5507336.0
7645773.0
4951300.0
4313679.0
9562484.0
6578435.0
4892170.0
3598937.0
4186051.0
7168396.0
4360693.0
4683330.0
3730138.0
4260892.0
4179307.0
5069602.0
14617820.0
5969245.0
2336152.0
2547164.0
2218004.0
2030605.0
2782886.0
3879330.0
4688874.0
2834521.0
2222481.0
3097326.0
6091632.0
4969754.0
4996689.0
1598253.0
2006860.0
1905569.0
2951397.0
2605215.0
3329764.0
6212610.0
6096385.0
4109259.0
7155585.0
2100019.0
3084435.0
3471452.0
3829660.0
2844993.0
2411492.0
3864602.0
4559072.0
2458900.0
2781441.0
5500560.0
1980918.0
2182932.0
1418457.0
2040973.0
3452631.0
2596059.0
5006944.0
3019837.0
2425588.0
1778102.0
2129438.0
2502238.0
3785112.0
3646063.0
3403988.0
3490996.0
2219309.0
1966567.0
3749479.0
3668199.0
3349931.0
4519337.0
2847083.0
5432689.0
6345797.0
5663800.0
4665445.0
9439902.0
5083776.0
5782731.0
4427259.0
5276924.0
3892230.0
3931287.0
6080178.0
11659100.0
2426356.0
4408384.0
7855513.0
3416177.0
2558913.0
2465551.0
1657018.0
1943802.0
3019087.0
3757220.0
4020850.0
3779853.0
6279713.0
4340295.0
12422770.0
5004742.0
3791479.0
5017950.0
10062310.0
8596563.0
4120184.0
5721582.0
3640866.0
2622492.0
4250076.0
8468846.0
4796873.0
4890265.0
5617028.0
5421293.0
4139769.0
4968406.0
5539041.0
6732511.0
6705451.0
4870131.0
4215255.0
4430800.0
7910402.0
3871397.0
6468020.0
3907505.0
6587298.0
8487131.0
5978376.0
5137203.0
2710898.0
3964555.0
6148207.0
15626830.0
9053083.0
5348862.0
3469776.0
3235856.0
3518316.0
3304417.0
4815834.0
4143850.0
3001268.0
3542577.0
3139481.0
2777926.0
3231121.0
3441052.0
4103753.0
4144121.0
4490681.0
3590855.0
5204777.0
11516340.0
4247704.0
5945607.0
4591310.0
3434901.0
2965330.0
6257651.0
5355485.0
4753239.0
2392947.0
2898272.0
2802982.0
3324437.0
1333518.0
4509545.0
4802547.0
6902061.0
7465122.0
7363036.0
8416179.0
5195647.0
7167174.0
6684459.0
7308173.0
9427065.0
9217376.0
6061390.0
3862801.0
5299675.0
5871559.0
8603799.0
2119688.0
1980832.0
3154710.0
4780202.0
7462672.0
3583496.0
7912956.0
4467427.0
4017356.0
6093385.0
6230288.0
5861639.0
7946898.0
4563814.0
5154893.0
15336550.0
8497418.0
3673632.0
4203208.0
3765160.0
3225881.0
4961013.0
10443900.0
9532988.0
3458805.0
3486305.0
4116243.0
4106596.0
3489785.0
10547970.0
5393830.0
9118331.0
7099492.0
11251400.0
12885920.0
7339097.0
5046873.0
4478558.0
7706193.0
5403599.0
8988300.0
5940566.0
4236096.0
4851868.0
3794912.0
4832853.0
3745005.0
5656567.0
8209186.0
6800975.0
3689477.0
5172994.0
8297454.0
16433840.0
3323300.0
3761617.0
3776593.0
4556123.0
5495160.0
11163820.0
8266173.0
6766420.0
9782339.0
6436176.0
2843648.0
2983830.0
3812541.0
4304272.0
2833061.0
2910671.0
3012856.0
5332746.0
5830865.0
3855470.0
4116762.0
6896614.0
6375347.0
8062178.0
5087861.0
7446499.0
9215111.0
5374539.0
5958085.0
11890160.0
7578882.0
4913849.0
3379790.0
6500081.0
3086412.0
3112168.0
3076389.0
2726970.0
3820853.0
4251431.0
4647517.0
4041669.0
5714611.0
7197985.0
3299420.0
4860182.0
4109200.0
7835876.0
5890031.0
5166716.0
8023360.0
4335572.0
4827429.0
5630478.0
5115863.0
5797647.0
8072941.0
7786840.0
4833831.0
8787412.0
6935728.0
13245010.0
13179430.0
3538580.0
5990869.0
3972835.0
3512577.0
2797244.0
3072420.0
4050298.0
3426272.0
3851031.0
4652328.0
5575300.0
3689058.0
5493348.0
5341031.0
4006375.0
6211225.0
5279959.0
5543292.0
4561228.0
4483793.0
6034175.0
5406485.0
7084879.0
6993022.0
8479005.0
20019100.0
9790232.0
5620063.0
5141376.0
4082110.0
5435136.0
4432163.0
5777233.0
7033657.0
6981460.0
5491680.0
7268439.0
9794687.0
5253883.0
5924244.0
7191261.0
13653420.0
7685123.0
9065584.0
7187816.0
5139881.0
6874813.0
9828543.0
11320310.0
10908080.0
10738310.0
7353574.0
8367389.0
9666658.0
9493537.0
6886279.0
7852386.0
11327430.0
8214207.0
3811031.0
5063434.0
6231210.0
5898403.0
8254035.0
6223150.0
9779276.0
8792986.0
7725236.0
7806564.0
7356920.0
5932037.0
8739446.0
13083260.0
14585150.0
17939220.0
24535130.0
32648710.0
8286273.0
7817352.0
18000940.0
16038700.0
9327414.0
6164371.0
8024948.0
5171888.0
10681830.0
12963450.0
8951247.0
5840728.0
7267674.0
4685739.0
6764261.0
6507957.0
8562363.0
5934083.0
6090396.0
8714715.0
7684134.0
7863768.0
7021769.0
9550446.0
9205616.0
11957980.0
20461310.0
27558800.0
6314832.0
7445861.0
5380624.0
6154868.0
5034083.0
5361072.0
4691589.0
6188202.0
4262398.0
4461968.0
5459669.0
7111247.0
9941485.0
5330909.0
7352177.0
12730030.0
11565140.0
10472460.0
6660961.0
10590620.0
10741360.0
7128291.0
10725610.0
9014394.0
7881590.0
9277795.0
13121620.0
25620170.0
7642470.0
9716219.0
12342800.0
13869230.0
10257990.0
11095140.0
11890950.0
13830110.0
19783890.0
23052140.0
9870719.0
12162530.0
12619540.0
14904150.0
13964490.0
22446140.0
22187220.0
31029770.0
21714180.0
13053120.0
7160261.0
9332945.0
8373362.0
14083380.0
7807152.0
7577453.0
10782700.0
13319270.0
11385930.0
11517300.0
5907096.0
6689169.0
8189484.0
10955250.0
7757278.0
8296133.0
8836616.0
15301220.0
13724220.0
11461000.0
14367650.0
23764970.0
20717780.0
7754694.0
8923283.0
5915047.0
6614193.0
8235227.0
6272442.0
8172719.0
13375710.0
15577020.0
5322343.0
5496924.0
7579727.0
5396873.0
6095815.0
5815497.0
8947680.0
14311250.0
8601839.0
6685292.0
11447440.0
12021470.0
10997830.0
9435470.0
14713320.0
17515670.0
24071200.0
12913320.0
10544220.0
6249798.0
6387825.0
8021902.0
7093792.0
10179070.0
11680010.0
8724841.0
14885790.0
8926196.0
27233590.0
17818600.0
9252258.0
10170820.0
6221159.0
5307491.0
6338258.0
13119920.0
9678085.0
9627227.0
5283874.0
6866543.0
7735416.0
9797193.0
5883963.0
11364370.0
25994150.0
32325350.0
9914409.0
11341990.0
7480691.0
5692372.0
8567075.0
7804363.0
6815232.0
4806662.0
12061590.0
10882830.0
5747803.0
8738707.0
6592090.0
5845857.0
7115222.0
11702490.0
10103660.0
8578292.0
8793233.0
7063642.0
6561448.0
5961343.0
9184497.0
7391870.0
9207140.0
10706180.0
9509080.0
12209560.0
8837894.0
19134000.0
15145370.0
16129720.0
25061470.0
19596090.0
16077980.0
12015700.0
8564386.0
8996046.0
8326361.0
18986880.0
21577970.0
16642860.0
37103240.0
22343570.0
25072050.0
28551660.0
5838969.0
9985041.0
4365030.0
3378303.0
3045669.0
2742593.0
5522548.0
3638381.0
3620350.0
2795635.0
2629908.0
3733250.0
3939327.0
3011536.0
3367887.0
2118428.0
3180338.0
1677780.0
3149372.0
3446342.0
2121088.0
1696036.0
1679001.0
1552097.0
2264742.0
5643205.0
6600998.0
14088400.0
1158652.0
1296283.0
1805587.0
2375218.0
442535.0
1146287.0
1422984.0
1083765.0
1316036.0
3279577.0
2020811.0
821986.0
1274426.0
1579440.0
912052.0
1158254.0
1149925.0
2086969.0
1757660.0
1546400.0
1964893.0
1959129.0
2762900.0
2889237.0
2545223.0
9035810.0
3078371.0
2700540.0
2017449.0
990640.0
966802.0
2260409.0
3265648.0
1139533.0
1196521.0
1892848.0
1310192.0
1127989.0
1100390.0
901318.0
968098.0
1426503.0
1985892.0
1287703.0
1970389.0
1563452.0
1920131.0
3555074.0
1436604.0
1378138.0
1623845.0
925018.0
1562974.0
922405.0
697979.0
1283743.0
441909.0
673993.0
741941.0
1194710.0
594846.0
414035.0
561085.0
601384.0
375796.0
1492306.0
921194.0
1269531.0
1553836.0
824809.0
1022743.0
2150624.0
2063727.0
1572310.0
929751.0
664386.0
657256.0
661486.0
1263240.0
2085639.0
1420284.0
1103315.0
1525199.0
910770.0
495739.0
430212.0
963133.0
922427.0
1392168.0
908650.0
983841.0
871215.0
998263.0
555896.0
862928.0
1273986.0
1714469.0
2323743.0
2048767.0
1030265.0
1024054.0
775142.0
477305.0
577686.0
1016368.0
748998.0
470198.0
1027302.0
740947.0
667963.0
479248.0
1468667.0
987535.0
450571.0
503563.0
1192092.0
889679.0
938359.0
1541207.0
1049718.0
728969.0
884305.0
4342689.0
1758153.0
1527176.0
5670068.0
1301404.0
1869970.0
912372.0
1048457.0
1788480.0
3212741.0
1536569.0
1478686.0
1128834.0
1014671.0
1483015.0
953151.0
841643.0
639227.0
752496.0
539736.0
656307.0
838883.0
1402656.0
1350325.0
1429311.0
1470974.0
775490.0
761516.0
1179008.0
508122.0
668973.0
525385.0
793336.0
870050.0
707390.0
671608.0
1308895.0
2387184.0
1528169.0
1209470.0
1305016.0
1591988.0
1575060.0
2065200.0
1672968.0
2262205.0
2821466.0
1500251.0
1386643.0
1568466.0
1435878.0
2881884.0
2569213.0
1743908.0
1304512.0
1125670.0
638516.0
758352.0
906915.0
784461.0
1253766.0
947128.0
1307529.0
1125704.0
914040.0
1047194.0
2613849.0
1495174.0
3009780.0
1889095.0
3422342.0
910829.0
1256796.0
646594.0
872161.0
844371.0
568994.0
635317.0
879409.0
492015.0
909808.0
630885.0
1030834.0
885710.0
1118365.0
1307141.0
1647379.0
757009.0
1075520.0
1220349.0
2366170.0
1475170.0
1616487.0
1148918.0
1256184.0
1585532.0
1380742.0
1221005.0
5556301.0
1928123.0
3097180.0
1157969.0
1247286.0
839388.0
497251.0
658947.0
413848.0
589005.0
424519.0
712133.0
674467.0
890715.0
821774.0
774878.0
823096.0
1114963.0
1097204.0
649580.0
1033804.0
1105347.0
1847669.0
1655155.0
1509378.0
4481309.0
1074804.0
1028004.0
886312.0
796335.0
954870.0
2539178.0
3140470.0
1170567.0
522353.0
607103.0
567001.0
1015586.0
728336.0
571596.0
851464.0
1001543.0
1962400.0
1553323.0
633267.0
364831.0
573749.0
466938.0
549971.0
703435.0
535584.0
612183.0
605953.0
959766.0
820345.0
1654570.0
1135788.0
1376645.0
2219636.0
2757062.0
1810609.0
1157858.0
1874139.0
1276944.0
623626.0
1021503.0
651861.0
764418.0
805610.0
522924.0
956313.0
728979.0
748361.0
1271028.0
611112.0
857914.0
594533.0
662289.0
1246222.0
1260183.0
4651291.0
5466729.0
729300.0
672139.0
671532.0
896951.0
986287.0
1005432.0
630036.0
928052.0
339660.0
488150.0
575138.0
777403.0
591390.0
1009302.0
1705407.0
843281.0
986952.0
1029605.0
700261.0
1163840.0
994015.0
758657.0
1239444.0
3304884.0
674244.0
951710.0
1160050.0
802718.0
1030108.0
760265.0
591054.0
681124.0
239595.0
451713.0
732518.0
1031524.0
902529.0
1349265.0
1832856.0
890805.0
1325656.0
3868276.0
747273.0
953656.0
1167830.0
1265869.0
3032857.0
2509523.0
874876.0
635175.0
1133969.0
1263973.0
869335.0
510479.0
654371.0
940550.0
1142550.0
999647.0
792850.0
994690.0
754439.0
1400469.0
1043413.0
1123364.0
575603.0
923416.0
1311548.0
1769026.0
1229068.0
1200214.0
1023130.0
1336054.0
929545.0
723206.0
674429.0
934415.0
1156328.0
775802.0
987577.0
1180351.0
1157349.0
1400093.0
562512.0
830777.0
726461.0
566571.0
669263.0
505697.0
459186.0
809760.0
769831.0
848085.0
823735.0
366159.0
803302.0
761756.0
679740.0
684238.0
868968.0
986081.0
1375077.0
1056569.0
640922.0
537688.0
738572.0
1009020.0
829884.0
1564147.0
1333382.0
2608472.0
1964376.0
3064233.0
1790210.0
1549220.0
1164822.0
948127.0
938629.0
958403.0
760532.0
673291.0
583468.0
1011406.0
3048294.0
1026048.0
851877.0
708954.0
1158931.0
1065942.0
1045306.0
975703.0
1240580.0
1327821.0
926889.0
995989.0
854839.0
946434.0
1459208.0
889132.0
1809367.0
3608458.0
1169990.0
1475533.0
1495963.0
1537709.0
1713665.0
1842124.0
1344678.0
1573200.0
1713392.0
1566532.0
1603120.0
1695836.0
1222099.0
2330917.0
6208734.0
983391.0
1529896.0
3289111.0
1687069.0
3336891.0
4691859.0
613673.0
863548.0
842434.0
2654467.0
729407.0
1234156.0
755622.0
661367.0
627640.0
961478.0
1535218.0
916303.0
981606.0
1218449.0
1030850.0
913865.0
784560.0
726240.0
1644014.0
996901.0
1372343.0
800839.0
1384909.0
837169.0
548393.0
1033871.0
943451.0
983382.0
1211444.0
1357401.0
1369150.0
1946252.0
2809116.0
1288297.0
3180827.0
2609227.0
2864787.0
11514590.0
1223277.0
755391.0
1058018.0
567922.0
462160.0
422793.0
582813.0
411650.0
687823.0
922504.0
1158176.0
1318756.0
1165971.0
930794.0
1016947.0
924721.0
1399851.0
2033431.0
1580100.0
640140.0
663294.0
1106350.0
1051106.0
1346257.0
1055250.0
1605508.0
2064540.0
2370620.0
2618154.0
4112906.0
944870.0
1283004.0
634472.0
836020.0
2635562.0
3504883.0
895011.0
543917.0
509317.0
569472.0
707791.0
830214.0
1048311.0
895655.0
1079867.0
1271457.0
1644828.0
1216671.0
2279858.0
2370414.0
1620171.0
1191921.0
723422.0
964322.0
1704365.0
1342612.0
2247340.0
2061117.0
1446569.0
1187371.0
1282904.0
1417687.0
2040967.0
3319130.0
4055705.0
9301329.0
1552425.0
833256.0
777678.0
523320.0
811943.0
789970.0
742900.0
1765385.0
410331.0
429381.0
405983.0
659980.0
1310492.0
1273875.0
1160060.0
2006827.0
1298591.0
2222558.0
1145543.0
350554.0
1424959.0
1577770.0
1529522.0
1150260.0
956048.0
749941.0
1347531.0
2622898.0
2728160.0
1944794.0
3060252.0
956249.0
509375.0
1010946.0
1873358.0
372599.0
322465.0
455284.0
280532.0
224190.0
356500.0
660841.0
118414.0
161021.0
416599.0
312444.0
245127.0
162729.0
284645.0
294620.0
315259.0
243912.0
170994.0
266399.0
140920.0
313357.0
331936.0
643599.0
597641.0
2077537.0
1969097.0
1214465.0
416297.0
578887.0
668076.0
962816.0
796000.0
947475.0
1198458.0
2684080.0
684558.0
654629.0
360703.0
386571.0
376197.0
288382.0
243335.0
434556.0
487060.0
494885.0
201012.0
732631.0
379542.0
433286.0
503289.0
672974.0
1088029.0
295599.0
579082.0
599732.0
447881.0
485711.0
633871.0
690241.0
795712.0
1281286.0
812656.0
741838.0
796180.0
912526.0
1230349.0
718245.0
426830.0
615910.0
467183.0
619675.0
922178.0
653549.0
957271.0
1251492.0
1824154.0
2482680.0
2620110.0
3741526.0
4193210.0
2675060.0
2198870.0
4048537.0
7710937.0
6910699.0
6858092.0
5135795.0
8216789.0
17165210.0
18751150.0
